kinematics:
  shoulder:
    x: 0
    y: 0
    z: 0.15186833695744295
    roll: -0
    pitch: 0
    yaw: 1.4529551654873796e-07
  upper_arm:
    x: -0.00013621425940371274
    y: 0
    z: 0
    roll: 1.5703934172998502
    pitch: 0
    yaw: -2.6870341840457002e-06
  forearm:
    x: -0.24361443810234662
    y: 0
    z: 0
    roll: 3.1412482079472959
    pitch: 3.1408500315870826
    yaw: 3.1415644641360245
  wrist_1:
    x: -0.21300090424822804
    y: -0.0010782637547910214
    z: 0.13112682736874251
    roll: 0.008222874554434767
    pitch: 0.002863308303514998
    yaw: 5.0264099456775466e-07
  wrist_2:
    x: 5.6364033938139731e-05
    y: -0.085070851505317541
    z: 0.00020803740846013423
    roll: 1.5683508711532366
    pitch: 0
    yaw: -5.4056566586163635e-07
  wrist_3:
    x: -0.00015800876615941524
    y: 0.091936198820929585
    z: -0.0001735115267083722
    roll: 1.5689090253519071
    pitch: 3.1415926535897931
    yaw: -3.1415926199575503
  hash: calib_13668640781438216689